1 0.8526570048309179 0.8074534161490683 0.057971014492753624 0.15527950310559005
1 0.7632850241545893 0.20186335403726707 0.19806763285024154 0.08074534161490683
1 0.3647342995169082 0.296583850931677 0.057971014492753624 0.040372670807453416
1 0.2898550724637681 0.3982919254658385 0.028985507246376812 0.04503105590062112
1 0.3526570048309179 0.47282608695652173 0.05314009661835749 0.029503105590062112
1 0.2222222222222222 0.8322981366459627 0.033816425120772944 0.09316770186335403
1 0.15579710144927536 0.8827639751552795 0.03140096618357488 0.07298136645962733
1 0.3538647342995169 0.8695652173913043 0.050724637681159424 0.024844720496894408
1 0.35628019323671495 0.796583850931677 0.04106280193236715 0.018633540372670808
1 0.29106280193236717 0.6832298136645962 0.026570048309178744 0.031055900621118012
1 0.7270531400966184 0.6164596273291926 0.04830917874396135 0.034161490683229816
1 0.5833333333333334 0.8680124223602484 0.03140096618357488 0.021739130434782608
1 0.5905797101449275 0.9751552795031055 0.03140096618357488 0.018633540372670808
1 0.3417874396135266 0.6894409937888198 0.021739130434782608 0.024844720496894408
