1 0.53 0.2918454935622318 0.09368421052631579 0.10300429184549356
1 0.42105263157894735 0.3798283261802575 0.06315789473684211 0.09298998569384835
1 0.6078947368421053 0.45493562231759654 0.022105263157894735 0.08869814020028613
1 0.6489473684210526 0.4356223175965665 0.028421052631578948 0.06723891273247497
1 0.5157894736842106 0.4728183118741059 0.02526315789473684 0.0844062947067239
1 0.47578947368421054 0.4899856938483548 0.021052631578947368 0.07868383404864092
1 0.44 0.5050071530758226 0.018947368421052633 0.07439198855507868
1 0.6126315789473684 0.6080114449213162 0.014736842105263158 0.0944206008583691
1 0.611578947368421 0.7739628040057225 0.023157894736842106 0.10014306151645208
1 0.47842105263157897 0.6416309012875536 0.02 0.0844062947067239
1 0.52 0.6223175965665236 0.023157894736842106 0.08011444921316166
1 0.6542105263157895 0.5886981402002861 0.017894736842105262 0.0844062947067239
