1 0.03455882352941177 0.7857142857142857 0.06323529411764706 0.11904761904761904
1 0.11911764705882352 0.6785714285714286 0.05 0.05555555555555555
1 0.15220588235294116 0.5734126984126984 0.057352941176470586 0.0873015873015873
1 0.2411764705882353 0.47619047619047616 0.08529411764705883 0.11507936507936507
1 0.28823529411764703 0.6329365079365079 0.05 0.05555555555555555
1 0.31985294117647056 0.5734126984126984 0.060294117647058824 0.06349206349206349
1 0.37279411764705883 0.48214285714285715 0.03676470588235294 0.07142857142857142
1 0.44779411764705884 0.4573412698412698 0.04852941176470588 0.06944444444444445
1 0.49926470588235294 0.3978174603174603 0.03676470588235294 0.037698412698412696
1 0.4852941176470588 0.14583333333333334 0.026470588235294117 0.017857142857142856
1 0.36617647058823527 0.20833333333333334 0.029411764705882353 0.023809523809523808
1 0.19117647058823528 0.8045634920634921 0.03235294117647059 0.0496031746031746
1 0.013235294117647059 0.9077380952380952 0.020588235294117647 0.03373015873015873
1 0.014705882352941176 0.9861111111111112 0.023529411764705882 0.031746031746031744
