1 0.12247191011235956 0.38324420677361853 0.0696629213483146 0.053475935828877004
1 0.2955056179775281 0.3716577540106952 0.1101123595505618 0.0659536541889483
1 0.4786516853932584 0.3538324420677362 0.1662921348314607 0.10160427807486631
1 0.702247191011236 0.3502673796791444 0.12359550561797752 0.09090909090909091
1 0.8910112359550562 0.3983957219251337 0.22247191011235956 0.25133689839572193
1 0.18314606741573033 0.5606060606060606 0.0651685393258427 0.08021390374331551
1 0.37865168539325844 0.5668449197860963 0.060674157303370786 0.09982174688057041
1 0.30674157303370786 0.6515151515151515 0.07865168539325842 0.05169340463458111
1 0.3741573033707865 0.767379679144385 0.07415730337078652 0.062388591800356503
1 0.7887640449438202 0.7869875222816399 0.4044943820224719 0.06951871657754011
1 0.5359550561797752 0.6390374331550802 0.1146067415730337 0.0766488413547237
1 0.6157303370786517 0.533868092691622 0.04044943820224719 0.17647058823529413
