1 0.21428571428571427 0.03455882352941177 0.11904761904761904 0.06323529411764706
1 0.32142857142857145 0.11911764705882352 0.05555555555555555 0.05
1 0.42658730158730157 0.15220588235294116 0.0873015873015873 0.057352941176470586
1 0.5238095238095238 0.2411764705882353 0.11507936507936507 0.08529411764705883
1 0.36706349206349204 0.28823529411764703 0.05555555555555555 0.05
1 0.42658730158730157 0.31985294117647056 0.06349206349206349 0.060294117647058824
1 0.5178571428571429 0.37279411764705883 0.07142857142857142 0.03676470588235294
1 0.5426587301587301 0.44779411764705884 0.06944444444444445 0.04852941176470588
1 0.6021825396825397 0.49926470588235294 0.037698412698412696 0.03676470588235294
1 0.8541666666666666 0.4852941176470588 0.017857142857142856 0.026470588235294117
1 0.7916666666666666 0.36617647058823527 0.023809523809523808 0.029411764705882353
1 0.19543650793650794 0.19117647058823528 0.0496031746031746 0.03235294117647059
1 0.09226190476190477 0.013235294117647059 0.03373015873015873 0.020588235294117647
1 0.013888888888888888 0.014705882352941176 0.031746031746031744 0.023529411764705882
