1 0.19254658385093168 0.8526570048309179 0.15527950310559005 0.057971014492753624
1 0.7981366459627329 0.7632850241545893 0.08074534161490683 0.19806763285024154
1 0.703416149068323 0.3647342995169082 0.040372670807453416 0.057971014492753624
1 0.6017080745341615 0.2898550724637681 0.04503105590062112 0.028985507246376812
1 0.5271739130434783 0.3526570048309179 0.029503105590062112 0.05314009661835749
1 0.16770186335403728 0.2222222222222222 0.09316770186335403 0.033816425120772944
1 0.1172360248447205 0.15579710144927536 0.07298136645962733 0.03140096618357488
1 0.13043478260869565 0.3538647342995169 0.024844720496894408 0.050724637681159424
1 0.20341614906832298 0.35628019323671495 0.018633540372670808 0.04106280193236715
1 0.3167701863354037 0.29106280193236717 0.031055900621118012 0.026570048309178744
1 0.38354037267080743 0.7270531400966184 0.034161490683229816 0.04830917874396135
1 0.13198757763975155 0.5833333333333334 0.021739130434782608 0.03140096618357488
1 0.024844720496894408 0.5905797101449275 0.018633540372670808 0.03140096618357488
1 0.3105590062111801 0.3417874396135266 0.024844720496894408 0.021739130434782608
