1 0.6167557932263814 0.12247191011235956 0.053475935828877004 0.0696629213483146
1 0.6283422459893048 0.2955056179775281 0.0659536541889483 0.1101123595505618
1 0.6461675579322638 0.4786516853932584 0.10160427807486631 0.1662921348314607
1 0.6497326203208557 0.702247191011236 0.09090909090909091 0.12359550561797752
1 0.6016042780748663 0.8910112359550562 0.25133689839572193 0.22247191011235956
1 0.4393939393939394 0.18314606741573033 0.08021390374331551 0.0651685393258427
1 0.43315508021390375 0.37865168539325844 0.09982174688057041 0.060674157303370786
1 0.3484848484848485 0.30674157303370786 0.05169340463458111 0.07865168539325842
1 0.232620320855615 0.3741573033707865 0.062388591800356503 0.07415730337078652
1 0.21301247771836007 0.7887640449438202 0.06951871657754011 0.4044943820224719
1 0.3609625668449198 0.5359550561797752 0.0766488413547237 0.1146067415730337
1 0.4661319073083779 0.6157303370786517 0.17647058823529413 0.04044943820224719
