1 0.7081545064377682 0.53 0.10300429184549356 0.09368421052631579
1 0.6201716738197425 0.42105263157894735 0.09298998569384835 0.06315789473684211
1 0.5450643776824035 0.6078947368421053 0.08869814020028613 0.022105263157894735
1 0.5643776824034334 0.6489473684210526 0.06723891273247497 0.028421052631578948
1 0.5271816881258942 0.5157894736842106 0.0844062947067239 0.02526315789473684
1 0.5100143061516452 0.47578947368421054 0.07868383404864092 0.021052631578947368
1 0.4949928469241774 0.44 0.07439198855507868 0.018947368421052633
1 0.39198855507868385 0.6126315789473684 0.0944206008583691 0.014736842105263158
1 0.22603719599427755 0.611578947368421 0.10014306151645208 0.023157894736842106
1 0.3583690987124464 0.47842105263157897 0.0844062947067239 0.02
1 0.3776824034334764 0.52 0.08011444921316166 0.023157894736842106
1 0.4113018597997139 0.6542105263157895 0.0844062947067239 0.017894736842105262
