1 0.8775280898876404 0.6167557932263814 0.0696629213483146 0.053475935828877004
1 0.7044943820224719 0.6283422459893048 0.1101123595505618 0.0659536541889483
1 0.5213483146067416 0.6461675579322638 0.1662921348314607 0.10160427807486631
1 0.29775280898876405 0.6497326203208557 0.12359550561797752 0.09090909090909091
1 0.10898876404494381 0.6016042780748663 0.22247191011235956 0.25133689839572193
1 0.8168539325842696 0.4393939393939394 0.0651685393258427 0.08021390374331551
1 0.6213483146067416 0.43315508021390375 0.060674157303370786 0.09982174688057041
1 0.6932584269662921 0.3484848484848485 0.07865168539325842 0.05169340463458111
1 0.6258426966292134 0.232620320855615 0.07415730337078652 0.062388591800356503
1 0.21123595505617979 0.21301247771836007 0.4044943820224719 0.06951871657754011
1 0.4640449438202247 0.3609625668449198 0.1146067415730337 0.0766488413547237
1 0.3842696629213483 0.4661319073083779 0.04044943820224719 0.17647058823529413
