1 0.9654411764705882 0.21428571428571427 0.06323529411764706 0.11904761904761904
1 0.8808823529411764 0.32142857142857145 0.05 0.05555555555555555
1 0.8477941176470588 0.42658730158730157 0.057352941176470586 0.0873015873015873
1 0.7588235294117647 0.5238095238095238 0.08529411764705883 0.11507936507936507
1 0.711764705882353 0.36706349206349204 0.05 0.05555555555555555
1 0.6801470588235294 0.42658730158730157 0.060294117647058824 0.06349206349206349
1 0.6272058823529412 0.5178571428571429 0.03676470588235294 0.07142857142857142
1 0.5522058823529412 0.5426587301587301 0.04852941176470588 0.06944444444444445
1 0.5007352941176471 0.6021825396825397 0.03676470588235294 0.037698412698412696
1 0.5147058823529411 0.8541666666666666 0.026470588235294117 0.017857142857142856
1 0.6338235294117647 0.7916666666666666 0.029411764705882353 0.023809523809523808
1 0.8088235294117647 0.19543650793650794 0.03235294117647059 0.0496031746031746
1 0.986764705882353 0.09226190476190477 0.020588235294117647 0.03373015873015873
1 0.9852941176470589 0.013888888888888888 0.023529411764705882 0.031746031746031744
