1 0.47 0.7081545064377682 0.09368421052631579 0.10300429184549356
1 0.5789473684210527 0.6201716738197425 0.06315789473684211 0.09298998569384835
1 0.39210526315789473 0.5450643776824035 0.022105263157894735 0.08869814020028613
1 0.3510526315789474 0.5643776824034334 0.028421052631578948 0.06723891273247497
1 0.4842105263157895 0.5271816881258942 0.02526315789473684 0.0844062947067239
1 0.5242105263157895 0.5100143061516452 0.021052631578947368 0.07868383404864092
1 0.56 0.4949928469241774 0.018947368421052633 0.07439198855507868
1 0.3873684210526316 0.39198855507868385 0.014736842105263158 0.0944206008583691
1 0.38842105263157894 0.22603719599427755 0.023157894736842106 0.10014306151645208
1 0.521578947368421 0.3583690987124464 0.02 0.0844062947067239
1 0.48 0.3776824034334764 0.023157894736842106 0.08011444921316166
1 0.34578947368421054 0.4113018597997139 0.017894736842105262 0.0844062947067239
