1 0.1473429951690821 0.19254658385093168 0.057971014492753624 0.15527950310559005
1 0.23671497584541062 0.7981366459627329 0.19806763285024154 0.08074534161490683
1 0.6352657004830918 0.703416149068323 0.057971014492753624 0.040372670807453416
1 0.7101449275362319 0.6017080745341615 0.028985507246376812 0.04503105590062112
1 0.6473429951690821 0.5271739130434783 0.05314009661835749 0.029503105590062112
1 0.7777777777777778 0.16770186335403728 0.033816425120772944 0.09316770186335403
1 0.8442028985507246 0.1172360248447205 0.03140096618357488 0.07298136645962733
1 0.6461352657004831 0.13043478260869565 0.050724637681159424 0.024844720496894408
1 0.643719806763285 0.20341614906832298 0.04106280193236715 0.018633540372670808
1 0.7089371980676329 0.3167701863354037 0.026570048309178744 0.031055900621118012
1 0.27294685990338163 0.38354037267080743 0.04830917874396135 0.034161490683229816
1 0.4166666666666667 0.13198757763975155 0.03140096618357488 0.021739130434782608
1 0.40942028985507245 0.024844720496894408 0.03140096618357488 0.018633540372670808
1 0.6582125603864735 0.3105590062111801 0.021739130434782608 0.024844720496894408
