1 0.7857142857142857 0.9654411764705882 0.11904761904761904 0.06323529411764706
1 0.6785714285714286 0.8808823529411764 0.05555555555555555 0.05
1 0.5734126984126984 0.8477941176470588 0.0873015873015873 0.057352941176470586
1 0.47619047619047616 0.7588235294117647 0.11507936507936507 0.08529411764705883
1 0.6329365079365079 0.711764705882353 0.05555555555555555 0.05
1 0.5734126984126984 0.6801470588235294 0.06349206349206349 0.060294117647058824
1 0.48214285714285715 0.6272058823529412 0.07142857142857142 0.03676470588235294
1 0.4573412698412698 0.5522058823529412 0.06944444444444445 0.04852941176470588
1 0.3978174603174603 0.5007352941176471 0.037698412698412696 0.03676470588235294
1 0.14583333333333334 0.5147058823529411 0.017857142857142856 0.026470588235294117
1 0.20833333333333334 0.6338235294117647 0.023809523809523808 0.029411764705882353
1 0.8045634920634921 0.8088235294117647 0.0496031746031746 0.03235294117647059
1 0.9077380952380952 0.986764705882353 0.03373015873015873 0.020588235294117647
1 0.9861111111111112 0.9852941176470589 0.031746031746031744 0.023529411764705882
