1 0.8074534161490683 0.1473429951690821 0.15527950310559005 0.057971014492753624
1 0.20186335403726707 0.23671497584541062 0.08074534161490683 0.19806763285024154
1 0.296583850931677 0.6352657004830918 0.040372670807453416 0.057971014492753624
1 0.3982919254658385 0.7101449275362319 0.04503105590062112 0.028985507246376812
1 0.47282608695652173 0.6473429951690821 0.029503105590062112 0.05314009661835749
1 0.8322981366459627 0.7777777777777778 0.09316770186335403 0.033816425120772944
1 0.8827639751552795 0.8442028985507246 0.07298136645962733 0.03140096618357488
1 0.8695652173913043 0.6461352657004831 0.024844720496894408 0.050724637681159424
1 0.796583850931677 0.643719806763285 0.018633540372670808 0.04106280193236715
1 0.6832298136645962 0.7089371980676329 0.031055900621118012 0.026570048309178744
1 0.6164596273291926 0.27294685990338163 0.034161490683229816 0.04830917874396135
1 0.8680124223602484 0.4166666666666667 0.021739130434782608 0.03140096618357488
1 0.9751552795031055 0.40942028985507245 0.018633540372670808 0.03140096618357488
1 0.6894409937888198 0.6582125603864735 0.024844720496894408 0.021739130434782608
