1 0.2918454935622318 0.47 0.10300429184549356 0.09368421052631579
1 0.3798283261802575 0.5789473684210527 0.09298998569384835 0.06315789473684211
1 0.45493562231759654 0.39210526315789473 0.08869814020028613 0.022105263157894735
1 0.4356223175965665 0.3510526315789474 0.06723891273247497 0.028421052631578948
1 0.4728183118741059 0.4842105263157895 0.0844062947067239 0.02526315789473684
1 0.4899856938483548 0.5242105263157895 0.07868383404864092 0.021052631578947368
1 0.5050071530758226 0.56 0.07439198855507868 0.018947368421052633
1 0.6080114449213162 0.3873684210526316 0.0944206008583691 0.014736842105263158
1 0.7739628040057225 0.38842105263157894 0.10014306151645208 0.023157894736842106
1 0.6416309012875536 0.521578947368421 0.0844062947067239 0.02
1 0.6223175965665236 0.48 0.08011444921316166 0.023157894736842106
1 0.5886981402002861 0.34578947368421054 0.0844062947067239 0.017894736842105262
