1 0.38324420677361853 0.8775280898876404 0.053475935828877004 0.0696629213483146
1 0.3716577540106952 0.7044943820224719 0.0659536541889483 0.1101123595505618
1 0.3538324420677362 0.5213483146067416 0.10160427807486631 0.1662921348314607
1 0.3502673796791444 0.29775280898876405 0.09090909090909091 0.12359550561797752
1 0.3983957219251337 0.10898876404494381 0.25133689839572193 0.22247191011235956
1 0.5606060606060606 0.8168539325842696 0.08021390374331551 0.0651685393258427
1 0.5668449197860963 0.6213483146067416 0.09982174688057041 0.060674157303370786
1 0.6515151515151515 0.6932584269662921 0.05169340463458111 0.07865168539325842
1 0.767379679144385 0.6258426966292134 0.062388591800356503 0.07415730337078652
1 0.7869875222816399 0.21123595505617979 0.06951871657754011 0.4044943820224719
1 0.6390374331550802 0.4640449438202247 0.0766488413547237 0.1146067415730337
1 0.533868092691622 0.3842696629213483 0.17647058823529413 0.04044943820224719
